Topic:1
red :0.13270581996553094
hat :0.13270581996553094
openshift :0.13270581996553094
data :0.07967652127800609

Topic:2
allow :0.09450860240395946
build :0.09450860240395946
ml :0.09450860240395946
model :0.09450860240395946

Topic:3
deploy :0.13026571613739468
portable :0.13026571613739468
platform :0.13026571613739468
team :0.13026571613739468

