Topic:1
quickly :0.19271332694151486
integrate :0.19271332694151486
application :0.19271332694151486
commercial :0.19271332694151486

Topic:2
ai :0.27052489905787347
open :0.27052489905787347
technology :0.27052489905787347
organization :0.13593539703903096

Topic:3
company :0.16170555108608203
solve :0.16170555108608203
critical :0.16170555108608203
manage :0.16170555108608203

Topic:4
allow :0.6236391912908242
partner :0.31259720062208396
red :0.0015552099533437014
hat :0.0015552099533437014

Topic:5
red :0.1984929605393615
hat :0.1984929605393615
openshift :0.1984929605393615
science :0.11917509418996629

Topic:6
intelligence :0.58600583090379
artificial :0.2944606413994169
red :0.0029154518950437317
hat :0.0029154518950437317

Topic:7
enable :0.7062937062937064
red :0.006993006993006994
hat :0.006993006993006994
openshift :0.006993006993006994

Topic:8
build :0.17877842175657602
deploy :0.17877842175657602
ml :0.17877842175657602
model :0.13419527418635754

Topic:9
platform :0.2131495227995758
production :0.2131495227995758
container :0.2131495227995758
hybrid :0.2131495227995758

Topic:10
business :0.16170555108608203
challenge :0.16170555108608203
provide :0.16170555108608203
fully :0.16170555108608203

