Topic:1
allow :0.06862912887215471
build :0.06862912887215471

Topic:2
red :0.13448878140534729
hat :0.13448878140534729

