Topic:1
astrophysics :0.05144612234450985
nature :0.05144612234450985
evolution :0.05144612234450985
universe :0.05144612234450985

Topic:2
study :0.09265766598853338
astronomy :0.05566857776955798
star :0.05566857776955798
century :0.03717403366007028

Topic:3
science :0.07328950572193815
object :0.07328950572193815
planet :0.0489408327246165
scientific :0.0489408327246165

