Topic:1
field :0.11363267952666559
import :0.09742259685524396
select :0.09742259685524396
@mui :0.08121251418382233

Topic:2
console.log :0.08536377577100017
const :0.06832509797239734
fieldrow :0.06832509797239734
fieldname :0.05128642017379451

Topic:3
newvalue :0.18940165963022274
previous :0.16028533993303246
onchange :0.11661086038724705
setfieldrow :0.07293638084146165

