Topic:1
newvalue :0.12194207517105633
previous :0.10319617583653576

Topic:2
field :0.1102950177500306
import :0.07357081650140776

