Topic:1
const :0.16104868913857676
fieldrow :0.16104868913857676
react :0.1075441412520064
setfieldname :0.1075441412520064

Topic:2
field :0.3970912296165711
option :0.17672983693256938
renameprop :0.08858527985896869
fields.map :0.08858527985896869

Topic:3
selectclasses.indicator :0.20743034055727552
transform :0.20743034055727552
rotate :0.20743034055727552
180deg :0.20743034055727552

Topic:4
placeholder :0.2815715622076707
button :0.18802619270346116
indicator :0.18802619270346116
<keyboardarrowdown?/> :0.18802619270346116

Topic:5
import :0.21704586493318886
@mui :0.180931744312026
joy :0.14481762369086312
textfield :0.10870350306970024

Topic:6
select :0.4736012608353034
pet :0.15839243498817965
selectclasses.expanded :0.15839243498817965
fieldrows :0.07959022852639874

Topic:7
console.log :0.2309820193637621
fieldname :0.18487782388197324
return :0.18487782388197324
rec :0.1387736284001844

Topic:8
oldprop :0.23130034522439585
newprop :0.23130034522439585
old :0.23130034522439585
transition :0.23130034522439585

Topic:9
fieldrow :0.17194183062446533
<button?variant="soft"> :0.17194183062446533
</button> :0.17194183062446533
export :0.08639863130881095

Topic:10
newvalue :0.26182330448782454
previous :0.22157375729523043
onchange :0.1611994365063393
setfieldrow :0.10082511571744818

