Topic:1
dr :0.027715127669031826
interaction :0.02250190694126621
model :0.017837446290107504
dark :0.017288686213500597

Topic:2
arxiv :0.061627231892767295
astro :0.0453304678189837
ph.co :0.039219181291314846
m. :0.031070799254423045

Topic:3
fluid :0.03298304759864471
free :0.03129175381527689
zdec :0.031009871518048925
decoupling :0.029882342329137047

