Topic:1
science :0.0736726070181885
allow :0.0736726070181885

Topic:2
red :0.1276297335203366
hat :0.1276297335203366

