Topic:1
artificial :0.31259720062208396
integrate :0.31259720062208396
commercial :0.31259720062208396
red :0.0015552099533437014

Topic:2
data :0.3701657458563536
company :0.3701657458563536
provide :0.18600368324125233
red :0.001841620626151013

Topic:3
service :0.4252386002120891
critical :0.2131495227995758
business :0.2131495227995758
dedicate :0.1071049840933192

Topic:4
cloud :0.16170555108608203
easily :0.16170555108608203
portable :0.16170555108608203
platform :0.16170555108608203

Topic:5
data :0.23006310958118187
build :0.23006310958118187
ml :0.23006310958118187
model :0.17269076305220882

Topic:6
cloud :0.58600583090379
provide :0.2944606413994169
red :0.0029154518950437317
hat :0.0029154518950437317

Topic:7
enable :0.13929313929313927
solve :0.13929313929313927
challenge :0.13929313929313927
fully :0.13929313929313927

Topic:8
quickly :0.19271332694151486
source :0.19271332694151486
application :0.19271332694151486
partner :0.19271332694151486

Topic:9
red :0.24758842443729903
hat :0.24758842443729903
openshift :0.24758842443729903
science :0.148651991095721

Topic:10
allow :0.24406573341448567
deploy :0.24406573341448567
organization :0.12233718807060255
intelligence :0.12233718807060255

