Topic:1
hat :0.21139641224059091
service :0.14104818853323953
data :0.07069996482588814
enable :0.07069996482588814

Topic:2
hat :0.06423193977254525
data :0.06423193977254525
allow :0.06423193977254525
build :0.06423193977254525

Topic:3
red :0.23591798255950977
openshift :0.23591798255950977
science :0.14164506245580957
cloud :0.09450860240395946

