Topic:1
data :0.05839942321557319
sont :0.05153294194390085
les :0.048099701308064687
cision :0.03436673876472002

Topic:2
de :0.12155994274448376
donn :0.08645042806600589
es :0.07294676857428364
le :0.03513652199746131

Topic:3
de :0.09622366338784251
des :0.0527818289012319
pour :0.0465758525460018
l'entreprise :0.03726688801315667

