Topic:1
study :0.1292297776345472
separate :0.06477602320335159
physicochemical :0.03254914598775378
biomedicine :0.03254914598775378

Topic:2
level :0.06266916510514262
deal :0.04184884447220487
result :0.04184884447220487
molecular :0.04184884447220487

Topic:3
biology :0.10726396573264323
live :0.0715688024272711
field :0.0715688024272711
life :0.05372122077458504

