Topic:1
proxy :0.1307445671535447
de :0.10699441871511697
le :0.10699441871511697
serveur :0.07136919605747537

Topic:2
les :0.06246103977060217
routeur :0.06246103977060217
ne :0.049993766363296346
proxy :0.037526492955990524

Topic:3
des :0.1061215844100826
est :0.06375767845795381
filtrage :0.042575725481889426
demande :0.042575725481889426

