Topic:1
figure :0.08555913765466563
step :0.06124488950525008
row :0.04503539073897304
node :0.042333807611260196

Topic:2
eld :0.06247790113853334
table :0.04833462979987271
step :0.04715602385498432
click :0.04715602385498432

Topic:3
data :0.044603412637295836
pentaho :0.038523892514084224
database :0.038523892514084224
integration :0.03447087909860982

