Topic:1
ij :0.058394534410882014
optimal :0.03381167480973891
max :0.030738817359596025
transport :0.02869024572616743

Topic:2
outlier :0.04811186447288873
algorithm :0.031209979912760272
ot :0.02210896514961418
method :0.02210896514961418

Topic:3
projection :0.03630100870375062
dom :0.030822644817125364
bregman :0.022605098987187475
follow :0.022605098987187475

