Topic:1
show :0.06273408239700375
small :0.06273408239700375
procedure :0.06273408239700375
person :0.06273408239700375
hyroglific :0.031523096129837704

Topic:2
bring :0.08590182648401826
sketch :0.08590182648401826
artist :0.08590182648401826
work :0.08590182648401826
renaissance :0.02882420091324201

Topic:3
human :0.11634123663412366
body :0.0814737331473733
anatomy :0.06985123198512319
period :0.04660622966062296
anatomical :0.03498372849837284

