Topic:1
human :0.06627383474576272
body :0.04641154661016949
anatomy :0.039790783898305086
period :0.02654925847457627
anatomical :0.019928495762711863

