Topic:1
cell :0.14439511653718093
body :0.07780244173140954
cancerous :0.05560488346281909
spread :0.044506104328523866

Topic:2
tumor :0.22768647281921622
grow :0.06333754740834387
benign :0.06333754740834387
abnormal :0.05069532237673831

Topic:3
cell :0.19988901220865707
cancer :0.16659267480577136
grow :0.08890122086570477
normal :0.05560488346281909

