Topic:1
data :0.06635776931987424
allow :0.06635776931987424

Topic:2
red :0.13820240231948086
hat :0.13820240231948086

