Topic:1
organization :0.08961212661613908
quickly :0.08961212661613908
artificial :0.08961212661613908
intelligence :0.08961212661613908

Topic:2
red :0.13448878140534729
hat :0.13448878140534729
openshift :0.13448878140534729
data :0.08074701061399972

Topic:3
allow :0.1100741147405984
build :0.1100741147405984
deploy :0.1100741147405984
ml :0.1100741147405984

