Topic:1
red :0.023255813953488372
hat :0.023255813953488372
openshift :0.023255813953488372
data :0.023255813953488372

Topic:2
organization :0.1758530183727034
artificial :0.1758530183727034
ai :0.1758530183727034
commercial :0.1758530183727034

Topic:3
openshift :0.4156378600823045
technology :0.4156378600823045
red :0.004115226337448559
hat :0.004115226337448559

Topic:4
model :0.2384341637010676
integrate :0.2384341637010676
open :0.2384341637010676
source :0.2384341637010676

Topic:5
hat :0.24758842443729903
openshift :0.2228543161019045
data :0.148651991095721
cloud :0.09918377442493198

Topic:6
science :0.4756820877817319
quickly :0.2384341637010676
application :0.2384341637010676
red :0.0011862396204033216

Topic:7
solve :0.27052489905787347
challenge :0.27052489905787347
manage :0.27052489905787347
business :0.13593539703903096

Topic:8
model :0.13929313929313927
easily :0.13929313929313927
portable :0.13929313929313927
platform :0.13929313929313927

Topic:9
red :0.2465705240942666
service :0.14104818853323953
enable :0.07069996482588814
company :0.07069996482588814

Topic:10
build :0.2778932778932779
deploy :0.2778932778932779
ml :0.2778932778932779
intelligence :0.13929313929313927

