Topic:1
text :0.1619832278946594
mining :0.10313373547153155
document :0.0884213623657496
information :0.044284243048403706

Topic:2
corpus :0.07346839150597999
language :0.049060288015621185
processing :0.049060288015621185
technique :0.049060288015621185

Topic:3
step :0.1084663240465242
email :0.08141736543143088
analysis :0.05436840681633757
stage :0.05436840681633757

