Topic:1
la :0.05230065359477124
le :0.034

Topic:2
de :0.05376119402985075
gpg :0.05077611940298508

