Topic:1
la :0.21436507936507937
cl :0.08738095238095238
avec :0.0715079365079365
signature :0.0715079365079365

Topic:2
le :0.1250892857142857
en :0.08044642857142857
fichy :0.08044642857142857
cr :0.06258928571428571

Topic:3
de :0.16865168539325842
cl :0.10123595505617977
votre :0.10123595505617977
bien :0.0450561797752809

Topic:4
est :0.1262162162162162
cl :0.07216216216216216
une :0.06315315315315315
si :0.06315315315315315

Topic:5
cl :0.11548076923076923
votre :0.11548076923076923
des :0.09625
gnupg :0.03855769230769231

Topic:6
pour :0.16973214285714286
la :0.151875
commande :0.1250892857142857
il :0.089375

Topic:7
vous :0.11818897637795275
utiliser :0.07881889763779527
message :0.07094488188976378
quelle :0.06307086614173228

Topic:8
de :0.155472972972973
le :0.08114864864864865
est :0.0743918918918919
pgp :0.04060810810810811

Topic:9
gpg :0.27392857142857147
output :0.04773809523809523
cle.asc :0.04773809523809523
nom :0.04773809523809523

Topic:10
par :0.09252100840336135
vous :0.09252100840336135
confiance :0.0757142857142857
en :0.0673109243697479

