Topic:1
gpg :0.10957142857142858
de :0.07623809523809524
pgp :0.028619047619047617
la :0.028619047619047617

Topic:2
de :0.07241286863270778
cl :0.0536461126005362
votre :0.050965147453083115
vous :0.045603217158176945

Topic:3
la :0.07295585412667946
le :0.0499232245681382
est :0.048003838771593095
cl :0.038406909788867565

