Topic:1
clear :0.9805825242718447
kaoutar :0.009708737864077669

Topic:2
kaoutar :0.6650082918739635
ko :0.33333333333333326

