Topic:1
ko :0.9901477832512315
kaoutar :0.004926108374384237
clear :0.004926108374384237
kaoutar :0.0

Topic:2
kaoutar :0.9950372208436723
ko :0.0024813895781637717
clear :0.0024813895781637717
kaoutar :0.0

Topic:3
clear :0.9805825242718447
kaoutar :0.009708737864077669
ko :0.009708737864077669
kaoutar :0.0

