Topic:1
islamic :0.027129474197216657
prayer :0.027129474197216657
month :0.027129474197216657
community :0.027129474197216657

Topic:2
god :0.05177034842714064
islam :0.03296186580147647
muslim :0.03296186580147647
muhammad :0.023557624488644378

Topic:3
muslim :0.05970060237371027
american :0.03584421780879108
respect :0.029880121667561283
islamophobia :0.023916025526331486

