Topic:1
layer :0.054922759308037306
block :0.03915935278503799
source :0.03000640706200612
network :0.02898941309278036

Topic:2
eff :0.03594484153921921
network :0.03394827563257863
architecture :0.022634402161615354
mix :0.02130335822385497

Topic:3
imagenet :0.0375216364396013
network :0.03496363372811842
training :0.028994960734658383
transfer :0.024731622882186922

