Topic:1
islamic :0.033952290593656814
prayer :0.033952290593656814
religion :0.027175386283545676
faith :0.027175386283545676

Topic:2
islam :0.05912618083670715
muslim :0.05912618083670715
divine :0.025387989203778674
faithful :0.025387989203778674

Topic:3
god :0.08662166839736933
muhammad :0.04335410176531672
month :0.04335410176531672
arabic :0.026047075112495672

