Topic:1
islam :0.04421039354187689
islamic :0.03159687184661957

Topic:2
god :0.04538447587957925
muslim :0.03178273485672833

