Topic:1
model :0.15445147353803423
machine :0.10816232062953247
learn :0.10816232062953247
datum :0.09273260299336522

Topic:2
algorithm :0.1371832914859621
result :0.11435745263638437
run :0.06870577493722893
bias :0.045879936087651216

Topic:3
step :0.10605659878339063
training :0.10605659878339063
solve :0.07960856916159745
problem :0.07960856916159745

