Topic:1
cell :0.2519090170593014
cancer :0.08131600324939074
grow :0.08131600324939074
normal :0.06506904955320877

Topic:2
body :0.1249554367201426
spread :0.07147950089126559
process :0.07147950089126559
form :0.07147950089126559

Topic:3
tumor :0.2248439450686642
cancer :0.06254681647940075
cancerous :0.06254681647940075
benign :0.06254681647940075

