Topic:1
import :0.09902784643269072
select :0.09902784643269072
@mui :0.08255066732575383
joy :0.06607348821881694

Topic:2
field :0.21611897337491007
option :0.09618613576397217
return :0.09618613576397217
indicator :0.04821300071959702

Topic:3
newvalue :0.15007497981312723
previous :0.1270042680816703
onchange :0.09239820048448495
fieldrow :0.05779213288729957

