Topic:1
field :0.10638800330617547
import :0.07096469476915811

Topic:2
newvalue :0.12547015141286527
previous :0.1061818883209567

