Topic:1
rec :0.15839243498817965
transform :0.15839243498817965
rotate :0.15839243498817965
180deg :0.15839243498817965

Topic:2
field :0.3970912296165711
option :0.17672983693256938
transition :0.08858527985896869
fields.map :0.08858527985896869

Topic:3
import :0.36009586578789693
@mui :0.24026363091671657
joy :0.24026363091671657
selectclass :0.06051527860994607

Topic:4
newvalue :0.23394316854807315
const :0.156091864538731
renameprop :0.07824056052938885
oldprop :0.07824056052938885

Topic:5
react :0.12810707456978968
indicator :0.12810707456978968
<keyboardarrowdown?/> :0.12810707456978968
sx :0.12810707456978968

Topic:6
previous :0.2705824526910789
onchange :0.19685426394691571
newvalue :0.17227820103219466
setfieldrow :0.12312607520275252

Topic:7
return :0.4614499424626007
selectclasses.expanded :0.23130034522439585
placeholder :0.11622554660529345
type :0.11622554660529345

Topic:8
select :0.32156233279828783
textfield :0.16104868913857676
placeholder :0.1075441412520064
pet :0.1075441412520064

Topic:9
console.log :0.24214596423392942
fieldname :0.19381343644272594
fieldrow :0.19381343644272594
button :0.09714838086031898

Topic:10
keyboardarrowdown :0.17194183062446533
map :0.17194183062446533
</select> :0.17194183062446533
</button> :0.17194183062446533

