Topic:1
select :0.11399053588682705
c_compte :0.04957510591383198
create :0.03471000668929465
xp_user :0.03471000668929465

Topic:2
end :0.1555596212779582
key :0.08237661803046244
table :0.07322874262452546
alter :0.07322874262452546

Topic:3
create :0.09047812119888969
synonym :0.04681408477060787
update :0.04681408477060787
trigger :0.04057636528085332

