Topic:1
dbms_output :0.2412886259040105
put_line :0.2412886259040105
delete :0.17554240631163706
exists :0.06596537365768135

Topic:2
client :0.16752361592729884
nom :0.11969388975248117
select :0.10773645820877675
prenom :0.10773645820877675

Topic:3
create :0.30134999442151067
synonym :0.16746625013946223
trigger :0.14515229275912084
replace :0.13399531406895013

Topic:4
create :0.16232383656088414
xp_user :0.14204603061948698
select :0.09135151576599412
copy :0.06093480685389841

Topic:5
client_marr :0.16535866721740328
insert :0.11028500619578686
new.ville :0.08274817568497866
marrakech :0.06897976042957456

Topic:6
table :0.11468873049892839
key :0.08976723321537158
alter :0.07979863430194888
add :0.0748143348452375

Topic:7
update :0.21870901937928022
insert :0.16042546991111759
delete :0.14585458254407693
agence :0.08757103307591432

Topic:8
select :0.12775330396475773
c_compte :0.12775330396475773
client_no :0.08944646619421567
compte :0.08306199323245866

Topic:9
end :0.4619041151704468
number :0.12236859975553444
raise_application_error :0.12236859975553444
loop :0.10878717913893794

Topic:10
begin :0.23224508742070246
row :0.13940894321522512
select :0.12393625251431224
declare :0.12393625251431224

