Topic:1
create :0.06390932967370987
select :0.059177057946667305

Topic:2
end :0.06557661531342189
table :0.04436688969014519

