Topic:1
allow :0.07106149211412369
build :0.07106149211412369

Topic:2
red :0.13096951458851236
hat :0.13096951458851236

