Topic:1
service :0.15172152856602344
enable :0.07604994324631101
company :0.07604994324631101
solve :0.07604994324631101

Topic:2
allow :0.09025433265811389
build :0.09025433265811389
deploy :0.09025433265811389
ml :0.09025433265811389

Topic:3
red :0.16033958032996956
hat :0.16033958032996956
openshift :0.16033958032996956
data :0.09626781995835336

