Topic:1
deploy :0.1641424478100696
ml :0.1641424478100696
model :0.1641424478100696
hat :0.12320916905444125

Topic:2
service :0.29858525688756515
enable :0.14966492926284436
company :0.14966492926284436
dedicate :0.14966492926284436

Topic:3
cloud :0.2384341637010676
portable :0.2384341637010676
container :0.2384341637010676
hybrid :0.2384341637010676

Topic:4
integrate :0.1758530183727034
open :0.1758530183727034
application :0.1758530183727034
partner :0.1758530183727034

Topic:5
business :0.8271604938271604
red :0.004115226337448559
hat :0.004115226337448559
openshift :0.004115226337448559

Topic:6
easily :0.31259720062208396
team :0.31259720062208396
production :0.31259720062208396
red :0.0015552099533437014

Topic:7
hat :0.4543097861309138
challenge :0.13026571613739468
provide :0.13026571613739468
manage :0.13026571613739468

Topic:8
quickly :0.4537246049661399
commercial :0.4537246049661399
red :0.0022573363431151244
hat :0.0022573363431151244

Topic:9
openshift :0.36579427875836884
red :0.12233718807060255
solve :0.12233718807060255
critical :0.12233718807060255

Topic:10
red :0.20969189350882442
data :0.1797786419383787
science :0.1797786419383787
openshift :0.11995213879748728

