Topic:1
model :0.19320594479830147
machine :0.13530206523837096
learn :0.13530206523837096
prepare :0.03879559930515344

Topic:2
step :0.09860263727612674
training :0.07892147215115133
datum :0.07892147215115133
solve :0.05924030702617594

Topic:3
algorithm :0.1371832914859621
result :0.11435745263638437
run :0.06870577493722893
bias :0.045879936087651216

