Topic:1
trt :0.12242424242424242
description :0.12242424242424242
physique :0.12242424242424242
date :0.12242424242424242

Topic:2
de :0.2474074074074074
biblioth :0.14864197530864195
nationale :0.14864197530864195
tunisieaucune :0.14864197530864195

Topic:3
livre :0.10918918918918918
edit :0.10918918918918918
par :0.10918918918918918
cote :0.10918918918918918

