Topic:1
cell :0.15723905723905723
grow :0.08989898989898991
body :0.07867564534231201
spread :0.04500561167227834

Topic:2
tumor :0.22768647281921622
grow :0.06333754740834387
cancerous :0.06333754740834387
benign :0.06333754740834387

Topic:3
cell :0.18671789242590564
cancer :0.14281009879253567
normal :0.08792535675082327
immune :0.04401756311745335

