Topic:1
cell :0.2182266009852217
cancer :0.10562983814215342

Topic:2
tumor :0.1551248923341947
body :0.06037898363479759

