Topic:1
part :0.18108108108108106
normal :0.18108108108108106
's :0.09099099099099099
uncontrollably :0.09099099099099099

Topic:2
immune :0.3061068702290076
system :0.2297709923664122
trick :0.07709923664122138
stay :0.07709923664122138

Topic:3
nutrient :0.19004739336492887
vessel :0.14265402843601893
rely :0.09526066350710899
therapy :0.09526066350710899

Topic:4
body :0.24946619217081847
spread :0.14270462633451955
invade :0.10711743772241991
nearby :0.10711743772241991

Topic:5
cell :0.3280178837555887
cancer :0.1640834575260805
grow :0.14918032786885246
normal :0.08956780923994039

Topic:6
divide :0.1655737704918033
program :0.1655737704918033
heavily :0.1655737704918033
develop :0.1655737704918033

Topic:7
cell :0.2566951566951567
process :0.11424501424501424
form :0.11424501424501424
call :0.08575498575498575

Topic:8
chromosome :0.24876033057851238
human :0.16611570247933882
division :0.0834710743801653
old :0.0834710743801653

Topic:9
tumor :0.24958448753462603
cancer :0.11108033240997228
abnormal :0.11108033240997228
blood :0.11108033240997228

Topic:10
tumor :0.24285714285714285
cancerous :0.13504043126684634
benign :0.13504043126684634
grow :0.08113207547169811

